#Clustering: 5 clusters 1000 frames
#Cluster 0 has average-distance-to-centroid 0.802774
#Cluster 1 has average-distance-to-centroid 0.779206
#Cluster 2 has average-distance-to-centroid 0.819430
#Cluster 3 has average-distance-to-centroid 0.749906
#Cluster 4 has average-distance-to-centroid 0.591739
#DBI: 2.470778
#pSF: 72.992137
#SSR/SST: 0.226865
#Algorithm: Kmeans nclusters 5 maxit 500
................................................................................................................XX..........X...................................................................................................................................................................................................................................................X.X........................................X...X......................X.XX.XXXX.X..XXXXXXXXXXX.X.X.XXXXXXXXXXXXXXXXXXXXXXXXXXXXXXXXXXXXXXXXXXXXXXXXXXXXXXXXXXXXXXXXXXXXXXXXXXXXXXXXXXXXXXXXXXXXXXXXXXXXXXXXXXXXXXXXXXXXXXXXXXXXXXXXXXXXXXXXXXXXXXXXXXXXXXXXXXXXXXXXXXXXXXXXXXXXXXXXXXXXXXXXXXXXXXXXXXXXXXXXXXXXXXXXXXXXXXXXXXXXXXXXXXXXXXXXXXXXXXXXXXXXXXXXXXXXXXXXXXXXXXXXXXXXX.XXXXXXX.X..XXXXX.X.......X....XXXXXXX.XXXXXXXXXXXXXXX....X.XXXXXXXXXXXXXXXXXX.XXX.XX.XX.......X.........XXXX...XXXXXXXXXXXXXXXXXXX..XXX..XXXXXXXXXXXXXXXXXX..XXXXXXXXXXXXXXXXXXX.XXXXXXXXXXXXXXXXXXXXXXXXXXXXX.XXXXXXXXXXXXXXX.X.XXXXXXXXXXXX.XXXXXXX.XXXXXXXXXXXXXXX.X
..................................................................X........XXX.............................X..X.....XXXX.XXX...X.X..XXXXXXXXXXXXXXXXXXXXXXXXXXXXXXXXXXXXXXXXXXXXXXXXXXXXXXXXXXXXXXXXXXXXXXXXXXXXXXXXXXXXXXXXXXXXXXXXXXXXXXXXXXXXXXXXXXXXXXXXXXXXXXXXXXXXXXXXXXXXXXXXXXXXXXXXXXXXXXXXXXXXXXXXXXXXXXXXXXXXXXXXXXXXXXXXXXXXXXXXXXXXXXXXXXXXXXXXXXXXXXXXXXXXXXXXXXXX.X.XXXXXXXXXXXXXXXXXXXXXXXXXXXXXXXXXXXXXXXX.XXX.XXXXXXXXXXXXXXXXXXXXXX.X..X....X.XX...........X.X.X......................................................................................................................................................................................................................................................................................................................................................................................................................X.....................................................................X........................................................
XXXXXXXXXXXXXXXXXXXXXXXXXXXXXXXXXXXXXXXXXXXXXXXXXXXXXXXXXXXXXXXXXX.XXXXXXXX...XXXXXXXXXXXXXXXXXXXXXXXXXXXXX.XX.X..XX....X....XX.X.XX....................................................................................................................................................................................................................................................................................................................................................................................................................................................................................................................................................................................................................................................................................................................................................................................................................................................................................................
................................................................................................................................................................................................................................................................................................................................................................................................................................................................................................................................................................................................................................................................................................................................................................X.......X.XX.....X.XXXXXXX.XXXX.......X...............XXXX.X..................X...X..X..XXXXXXX.XXXXXXXXX....XXX............................................XX...................X.............................................X.X............X.......X...............X.
...................................................................................................................................................................................................................................................................................................................................................................................................................................................................................................................................................................................................................................................................................................................................................................................................................................................................................................XX...X...............................................................................................................................
#Representative frames: 583 279 79 757 869
#Sieve value: 10 (random)
#Sieved frames: 4 12 13 17 25 31 43 45 59 68 79 82 91 92 93 107 113 122 128 144 152 159 160 174 178 193 229 230 237 238 239 242 245 249 267 269 279 288 302 314 321 348 367 410 435 444 452 464 476 481 498 504 542 554 570 574 576 581 587 589 627 631 642 651 655 659 677 681 690 695 696 705 706 712 713 731 744 749 765 773 826 827 828 831 834 846 862 869 871 878 879 883 890 892 915 919 920 935 964 995
