#Frame      Pop:0    Pop:1    Pop:2    Pop:3    Pop:4
       1    0.000    0.000    1.000    0.000    0.000
       2    0.000    0.000    1.000    0.000    0.000
       3    0.000    0.000    1.000    0.000    0.000
       4    0.000    0.000    1.000    0.000    0.000
       5    0.000    0.000    1.000    0.000    0.000
       6    0.000    0.000    1.000    0.000    0.000
       7    0.000    0.000    1.000    0.000    0.000
       8    0.000    0.000    1.000    0.000    0.000
       9    0.000    0.000    1.000    0.000    0.000
      10    0.000    0.000    1.000    0.000    0.000
      11    0.000    0.000    1.000    0.000    0.000
      12    0.000    0.000    1.000    0.000    0.000
      13    0.000    0.000    1.000    0.000    0.000
      14    0.000    0.000    1.000    0.000    0.000
      15    0.000    0.000    1.000    0.000    0.000
      16    0.000    0.000    1.000    0.000    0.000
      17    0.000    0.000    1.000    0.000    0.000
      18    0.000    0.000    1.000    0.000    0.000
      19    0.000    0.000    1.000    0.000    0.000
      20    0.000    0.000    1.000    0.000    0.000
      21    0.000    0.000    1.000    0.000    0.000
      22    0.000    0.000    1.000    0.000    0.000
      23    0.000    0.000    1.000    0.000    0.000
      24    0.000    0.000    1.000    0.000    0.000
      25    0.000    0.000    1.000    0.000    0.000
      26    0.000    0.000    1.000    0.000    0.000
      27    0.000    0.000    1.000    0.000    0.000
      28    0.000    0.000    1.000    0.000    0.000
      29    0.000    0.000    1.000    0.000    0.000
      30    0.000    0.000    1.000    0.000    0.000
      31    0.000    0.000    1.000    0.000    0.000
      32    0.000    0.000    1.000    0.000    0.000
      33    0.000    0.000    1.000    0.000    0.000
      34    0.000    0.000    1.000    0.000    0.000
      35    0.000    0.000    1.000    0.000    0.000
      36    0.000    0.000    1.000    0.000    0.000
      37    0.000    0.000    1.000    0.000    0.000
      38    0.000    0.000    1.000    0.000    0.000
      39    0.000    0.000    1.000    0.000    0.000
      40    0.000    0.000    1.000    0.000    0.000
      41    0.000    0.000    1.000    0.000    0.000
      42    0.000    0.000    1.000    0.000    0.000
      43    0.000    0.000    1.000    0.000    0.000
      44    0.000    0.000    1.000    0.000    0.000
      45    0.000    0.000    1.000    0.000    0.000
      46    0.000    0.000    1.000    0.000    0.000
      47    0.000    0.000    1.000    0.000    0.000
      48    0.000    0.000    1.000    0.000    0.000
      49    0.000    0.000    1.000    0.000    0.000
      50    0.000    0.000    1.000    0.000    0.000
      51    0.000    0.000    1.000    0.000    0.000
      52    0.000    0.000    1.000    0.000    0.000
      53    0.000    0.000    1.000    0.000    0.000
      54    0.000    0.000    1.000    0.000    0.000
      55    0.000    0.000    1.000    0.000    0.000
      56    0.000    0.000    1.000    0.000    0.000
      57    0.000    0.000    1.000    0.000    0.000
      58    0.000    0.000    1.000    0.000    0.000
      59    0.000    0.000    1.000    0.000    0.000
      60    0.000    0.000    1.000    0.000    0.000
      61    0.000    0.000    1.000    0.000    0.000
      62    0.000    0.000    1.000    0.000    0.000
      63    0.000    0.000    1.000    0.000    0.000
      64    0.000    0.000    1.000    0.000    0.000
      65    0.000    0.000    1.000    0.000    0.000
      66    0.000    0.000    1.000    0.000    0.000
      67    0.000    0.015    0.985    0.000    0.000
      68    0.000    0.015    0.985    0.000    0.000
      69    0.000    0.014    0.986    0.000    0.000
      70    0.000    0.014    0.986    0.000    0.000
      71    0.000    0.014    0.986    0.000    0.000
      72    0.000    0.014    0.986    0.000    0.000
      73    0.000    0.014    0.986    0.000    0.000
      74    0.000    0.014    0.986    0.000    0.000
      75    0.000    0.013    0.987    0.000    0.000
      76    0.000    0.026    0.974    0.000    0.000
      77    0.000    0.039    0.961    0.000    0.000
      78    0.000    0.051    0.949    0.000    0.000
      79    0.000    0.051    0.949    0.000    0.000
      80    0.000    0.050    0.950    0.000    0.000
      81    0.000    0.049    0.951    0.000    0.000
      82    0.000    0.049    0.951    0.000    0.000
      83    0.000    0.048    0.952    0.000    0.000
      84    0.000    0.048    0.952    0.000    0.000
      85    0.000    0.047    0.953    0.000    0.000
      86    0.000    0.047    0.953    0.000    0.000
      87    0.000    0.046    0.954    0.000    0.000
      88    0.000    0.045    0.955    0.000    0.000
      89    0.000    0.045    0.955    0.000    0.000
      90    0.000    0.044    0.956    0.000    0.000
      91    0.000    0.044    0.956    0.000    0.000
      92    0.000    0.043    0.957    0.000    0.000
      93    0.000    0.043    0.957    0.000    0.000
      94    0.000    0.043    0.957    0.000    0.000
      95    0.000    0.042    0.958    0.000    0.000
      96    0.000    0.042    0.958    0.000    0.000
      97    0.000    0.041    0.959    0.000    0.000
      98    0.000    0.041    0.959    0.000    0.000
      99    0.000    0.040    0.960    0.000    0.000
     100    0.000    0.040    0.960    0.000    0.000
     101    0.000    0.040    0.960    0.000    0.000
     102    0.000    0.039    0.961    0.000    0.000
     103    0.000    0.039    0.961    0.000    0.000
     104    0.000    0.038    0.962    0.000    0.000
     105    0.000    0.038    0.962    0.000    0.000
     106    0.000    0.038    0.962    0.000    0.000
     107    0.000    0.037    0.963    0.000    0.000
     108    0.000    0.046    0.954    0.000    0.000
     109    0.000    0.046    0.954    0.000    0.000
     110    0.000    0.045    0.955    0.000    0.000
     111    0.000    0.054    0.946    0.000    0.000
     112    0.000    0.054    0.946    0.000    0.000
     113    0.009    0.053    0.938    0.000    0.000
     114    0.018    0.053    0.930    0.000    0.000
     115    0.017    0.052    0.930    0.000    0.000
     116    0.017    0.052    0.931    0.000    0.000
     117    0.017    0.060    0.923    0.000    0.000
     118    0.017    0.068    0.915    0.000    0.000
     119    0.017    0.076    0.908    0.000    0.000
     120    0.017    0.083    0.900    0.000    0.000
     121    0.017    0.083    0.901    0.000    0.000
     122    0.016    0.090    0.893    0.000    0.000
     123    0.016    0.098    0.886    0.000    0.000
     124    0.016    0.105    0.879    0.000    0.000
     125    0.024    0.104    0.872    0.000    0.000
     126    0.024    0.103    0.873    0.000    0.000
     127    0.024    0.102    0.874    0.000    0.000
     128    0.023    0.109    0.867    0.000    0.000
     129    0.023    0.109    0.868    0.000    0.000
     130    0.023    0.115    0.862    0.000    0.000
     131    0.023    0.115    0.863    0.000    0.000
     132    0.023    0.114    0.864    0.000    0.000
     133    0.023    0.120    0.857    0.000    0.000
     134    0.022    0.127    0.851    0.000    0.000
     135    0.022    0.133    0.844    0.000    0.000
     136    0.022    0.140    0.838    0.000    0.000
     137    0.022    0.146    0.832    0.000    0.000
     138    0.022    0.152    0.826    0.000    0.000
     139    0.022    0.158    0.820    0.000    0.000
     140    0.021    0.164    0.814    0.000    0.000
     141    0.021    0.170    0.809    0.000    0.000
     142    0.021    0.176    0.803    0.000    0.000
     143    0.021    0.182    0.797    0.000    0.000
     144    0.021    0.188    0.792    0.000    0.000
     145    0.021    0.193    0.786    0.000    0.000
     146    0.021    0.199    0.781    0.000    0.000
     147    0.020    0.204    0.776    0.000    0.000
     148    0.020    0.209    0.770    0.000    0.000
     149    0.020    0.215    0.765    0.000    0.000
     150    0.020    0.220    0.760    0.000    0.000
     151    0.020    0.225    0.755    0.000    0.000
     152    0.020    0.230    0.750    0.000    0.000
     153    0.020    0.235    0.745    0.000    0.000
     154    0.019    0.240    0.740    0.000    0.000
     155    0.019    0.245    0.735    0.000    0.000
     156    0.019    0.250    0.731    0.000    0.000
     157    0.019    0.255    0.726    0.000    0.000
     158    0.019    0.259    0.722    0.000    0.000
     159    0.019    0.264    0.717    0.000    0.000
     160    0.019    0.269    0.712    0.000    0.000
     161    0.019    0.273    0.708    0.000    0.000
     162    0.019    0.278    0.704    0.000    0.000
     163    0.018    0.282    0.699    0.000    0.000
     164    0.018    0.287    0.695    0.000    0.000
     165    0.018    0.291    0.691    0.000    0.000
     166    0.018    0.295    0.687    0.000    0.000
     167    0.018    0.299    0.683    0.000    0.000
     168    0.018    0.304    0.679    0.000    0.000
     169    0.018    0.308    0.675    0.000    0.000
     170    0.018    0.312    0.671    0.000    0.000
     171    0.018    0.316    0.667    0.000    0.000
     172    0.017    0.320    0.663    0.000    0.000
     173    0.017    0.324    0.659    0.000    0.000
     174    0.017    0.328    0.655    0.000    0.000
     175    0.017    0.331    0.651    0.000    0.000
     176    0.017    0.335    0.648    0.000    0.000
     177    0.017    0.339    0.644    0.000    0.000
     178    0.017    0.343    0.640    0.000    0.000
     179    0.017    0.346    0.637    0.000    0.000
     180    0.017    0.350    0.633    0.000    0.000
     181    0.017    0.354    0.630    0.000    0.000
     182    0.016    0.357    0.626    0.000    0.000
     183    0.016    0.361    0.623    0.000    0.000
     184    0.016    0.364    0.620    0.000    0.000
     185    0.016    0.368    0.616    0.000    0.000
     186    0.016    0.371    0.613    0.000    0.000
     187    0.016    0.374    0.610    0.000    0.000
     188    0.016    0.378    0.606    0.000    0.000
     189    0.016    0.381    0.603    0.000    0.000
     190    0.016    0.384    0.600    0.000    0.000
     191    0.016    0.387    0.597    0.000    0.000
     192    0.016    0.391    0.594    0.000    0.000
     193    0.016    0.394    0.591    0.000    0.000
     194    0.015    0.397    0.588    0.000    0.000
     195    0.015    0.400    0.585    0.000    0.000
     196    0.015    0.403    0.582    0.000    0.000
     197    0.015    0.406    0.579    0.000    0.000
     198    0.015    0.409    0.576    0.000    0.000
     199    0.015    0.412    0.573    0.000    0.000
     200    0.015    0.415    0.570    0.000    0.000
     201    0.015    0.418    0.567    0.000    0.000
     202    0.015    0.421    0.564    0.000    0.000
     203    0.015    0.424    0.562    0.000    0.000
     204    0.015    0.426    0.559    0.000    0.000
     205    0.015    0.429    0.556    0.000    0.000
     206    0.015    0.432    0.553    0.000    0.000
     207    0.014    0.435    0.551    0.000    0.000
     208    0.014    0.438    0.548    0.000    0.000
     209    0.014    0.440    0.545    0.000    0.000
     210    0.014    0.443    0.543    0.000    0.000
     211    0.014    0.445    0.540    0.000    0.000
     212    0.014    0.448    0.538    0.000    0.000
     213    0.014    0.451    0.535    0.000    0.000
     214    0.014    0.453    0.533    0.000    0.000
     215    0.014    0.456    0.530    0.000    0.000
     216    0.014    0.458    0.528    0.000    0.000
     217    0.014    0.461    0.525    0.000    0.000
     218    0.014    0.463    0.523    0.000    0.000
     219    0.014    0.466    0.521    0.000    0.000
     220    0.014    0.468    0.518    0.000    0.000
     221    0.014    0.471    0.516    0.000    0.000
     222    0.014    0.473    0.514    0.000    0.000
     223    0.013    0.475    0.511    0.000    0.000
     224    0.013    0.478    0.509    0.000    0.000
     225    0.013    0.480    0.507    0.000    0.000
     226    0.013    0.482    0.504    0.000    0.000
     227    0.013    0.485    0.502    0.000    0.000
     228    0.013    0.487    0.500    0.000    0.000
     229    0.013    0.489    0.498    0.000    0.000
     230    0.013    0.491    0.496    0.000    0.000
     231    0.013    0.494    0.494    0.000    0.000
     232    0.013    0.496    0.491    0.000    0.000
     233    0.013    0.498    0.489    0.000    0.000
     234    0.013    0.500    0.487    0.000    0.000
     235    0.013    0.502    0.485    0.000    0.000
     236    0.013    0.504    0.483    0.000    0.000
     237    0.013    0.506    0.481    0.000    0.000
     238    0.013    0.508    0.479    0.000    0.000
     239    0.013    0.510    0.477    0.000    0.000
     240    0.013    0.512    0.475    0.000    0.000
     241    0.012    0.515    0.473    0.000    0.000
     242    0.012    0.517    0.471    0.000    0.000
     243    0.012    0.519    0.469    0.000    0.000
     244    0.012    0.520    0.467    0.000    0.000
     245    0.012    0.522    0.465    0.000    0.000
     246    0.012    0.524    0.463    0.000    0.000
     247    0.012    0.526    0.462    0.000    0.000
     248    0.012    0.528    0.460    0.000    0.000
     249    0.012    0.530    0.458    0.000    0.000
     250    0.012    0.532    0.456    0.000    0.000
     251    0.012    0.534    0.454    0.000    0.000
     252    0.012    0.536    0.452    0.000    0.000
     253    0.012    0.538    0.451    0.000    0.000
     254    0.012    0.539    0.449    0.000    0.000
     255    0.012    0.541    0.447    0.000    0.000
     256    0.012    0.543    0.445    0.000    0.000
     257    0.012    0.545    0.444    0.000    0.000
     258    0.012    0.547    0.442    0.000    0.000
     259    0.012    0.548    0.440    0.000    0.000
     260    0.012    0.550    0.438    0.000    0.000
     261    0.011    0.552    0.437    0.000    0.000
     262    0.011    0.553    0.435    0.000    0.000
     263    0.011    0.555    0.433    0.000    0.000
     264    0.011    0.557    0.432    0.000    0.000
     265    0.011    0.558    0.430    0.000    0.000
     266    0.011    0.560    0.429    0.000    0.000
     267    0.011    0.562    0.427    0.000    0.000
     268    0.011    0.563    0.425    0.000    0.000
     269    0.011    0.565    0.424    0.000    0.000
     270    0.011    0.567    0.422    0.000    0.000
     271    0.011    0.568    0.421    0.000    0.000
     272    0.011    0.570    0.419    0.000    0.000
     273    0.011    0.571    0.418    0.000    0.000
     274    0.011    0.573    0.416    0.000    0.000
     275    0.011    0.575    0.415    0.000    0.000
     276    0.011    0.576    0.413    0.000    0.000
     277    0.011    0.578    0.412    0.000    0.000
     278    0.011    0.579    0.410    0.000    0.000
     279    0.011    0.581    0.409    0.000    0.000
     280    0.011    0.582    0.407    0.000    0.000
     281    0.011    0.584    0.406    0.000    0.000
     282    0.011    0.585    0.404    0.000    0.000
     283    0.011    0.587    0.403    0.000    0.000
     284    0.011    0.588    0.401    0.000    0.000
     285    0.011    0.589    0.400    0.000    0.000
     286    0.010    0.591    0.399    0.000    0.000
     287    0.010    0.592    0.397    0.000    0.000
     288    0.010    0.594    0.396    0.000    0.000
     289    0.010    0.595    0.394    0.000    0.000
     290    0.010    0.597    0.393    0.000    0.000
     291    0.010    0.598    0.392    0.000    0.000
     292    0.010    0.599    0.390    0.000    0.000
     293    0.010    0.601    0.389    0.000    0.000
     294    0.010    0.602    0.388    0.000    0.000
     295    0.010    0.603    0.386    0.000    0.000
     296    0.010    0.605    0.385    0.000    0.000
     297    0.010    0.606    0.384    0.000    0.000
     298    0.010    0.607    0.383    0.000    0.000
     299    0.010    0.609    0.381    0.000    0.000
     300    0.010    0.610    0.380    0.000    0.000
     301    0.010    0.611    0.379    0.000    0.000
     302    0.010    0.613    0.377    0.000    0.000
     303    0.010    0.614    0.376    0.000    0.000
     304    0.010    0.615    0.375    0.000    0.000
     305    0.010    0.616    0.374    0.000    0.000
     306    0.010    0.618    0.373    0.000    0.000
     307    0.010    0.619    0.371    0.000    0.000
     308    0.010    0.620    0.370    0.000    0.000
     309    0.010    0.621    0.369    0.000    0.000
     310    0.010    0.623    0.368    0.000    0.000
     311    0.010    0.624    0.367    0.000    0.000
     312    0.010    0.625    0.365    0.000    0.000
     313    0.010    0.626    0.364    0.000    0.000
     314    0.010    0.627    0.363    0.000    0.000
     315    0.010    0.629    0.362    0.000    0.000
     316    0.009    0.630    0.361    0.000    0.000
     317    0.009    0.631    0.360    0.000    0.000
     318    0.009    0.632    0.358    0.000    0.000
     319    0.009    0.633    0.357    0.000    0.000
     320    0.009    0.634    0.356    0.000    0.000
     321    0.009    0.636    0.355    0.000    0.000
     322    0.009    0.637    0.354    0.000    0.000
     323    0.009    0.638    0.353    0.000    0.000
     324    0.009    0.639    0.352    0.000    0.000
     325    0.009    0.640    0.351    0.000    0.000
     326    0.009    0.641    0.350    0.000    0.000
     327    0.009    0.642    0.349    0.000    0.000
     328    0.009    0.643    0.348    0.000    0.000
     329    0.009    0.644    0.347    0.000    0.000
     330    0.009    0.645    0.345    0.000    0.000
     331    0.009    0.647    0.344    0.000    0.000
     332    0.009    0.648    0.343    0.000    0.000
     333    0.009    0.649    0.342    0.000    0.000
     334    0.009    0.650    0.341    0.000    0.000
     335    0.009    0.651    0.340    0.000    0.000
     336    0.009    0.652    0.339    0.000    0.000
     337    0.009    0.653    0.338    0.000    0.000
     338    0.009    0.654    0.337    0.000    0.000
     339    0.009    0.655    0.336    0.000    0.000
     340    0.009    0.656    0.335    0.000    0.000
     341    0.009    0.657    0.334    0.000    0.000
     342    0.009    0.658    0.333    0.000    0.000
     343    0.009    0.659    0.332    0.000    0.000
     344    0.009    0.660    0.331    0.000    0.000
     345    0.009    0.661    0.330    0.000    0.000
     346    0.009    0.662    0.329    0.000    0.000
     347    0.009    0.663    0.329    0.000    0.000
     348    0.009    0.664    0.328    0.000    0.000
     349    0.009    0.665    0.327    0.000    0.000
     350    0.009    0.666    0.326    0.000    0.000
     351    0.009    0.667    0.325    0.000    0.000
     352    0.009    0.668    0.324    0.000    0.000
     353    0.008    0.669    0.323    0.000    0.000
     354    0.008    0.669    0.322    0.000    0.000
     355    0.008    0.670    0.321    0.000    0.000
     356    0.008    0.671    0.320    0.000    0.000
     357    0.008    0.672    0.319    0.000    0.000
     358    0.008    0.673    0.318    0.000    0.000
     359    0.008    0.674    0.318    0.000    0.000
     360    0.008    0.675    0.317    0.000    0.000
     361    0.008    0.676    0.316    0.000    0.000
     362    0.008    0.677    0.315    0.000    0.000
     363    0.008    0.678    0.314    0.000    0.000
     364    0.008    0.679    0.313    0.000    0.000
     365    0.008    0.679    0.312    0.000    0.000
     366    0.008    0.680    0.311    0.000    0.000
     367    0.008    0.681    0.311    0.000    0.000
     368    0.008    0.682    0.310    0.000    0.000
     369    0.011    0.680    0.309    0.000    0.000
     370    0.011    0.681    0.308    0.000    0.000
     371    0.013    0.679    0.307    0.000    0.000
     372    0.013    0.680    0.306    0.000    0.000
     373    0.013    0.681    0.306    0.000    0.000
     374    0.013    0.682    0.305    0.000    0.000
     375    0.013    0.683    0.304    0.000    0.000
     376    0.013    0.684    0.303    0.000    0.000
     377    0.013    0.684    0.302    0.000    0.000
     378    0.013    0.685    0.302    0.000    0.000
     379    0.013    0.686    0.301    0.000    0.000
     380    0.013    0.687    0.300    0.000    0.000
     381    0.013    0.688    0.299    0.000    0.000
     382    0.013    0.688    0.298    0.000    0.000
     383    0.013    0.689    0.298    0.000    0.000
     384    0.013    0.690    0.297    0.000    0.000
     385    0.013    0.691    0.296    0.000    0.000
     386    0.013    0.692    0.295    0.000    0.000
     387    0.013    0.693    0.295    0.000    0.000
     388    0.013    0.693    0.294    0.000    0.000
     389    0.013    0.694    0.293    0.000    0.000
     390    0.013    0.695    0.292    0.000    0.000
     391    0.013    0.696    0.292    0.000    0.000
     392    0.013    0.696    0.291    0.000    0.000
     393    0.013    0.697    0.290    0.000    0.000
     394    0.013    0.698    0.289    0.000    0.000
     395    0.013    0.699    0.289    0.000    0.000
     396    0.013    0.699    0.288    0.000    0.000
     397    0.013    0.700    0.287    0.000    0.000
     398    0.013    0.701    0.286    0.000    0.000
     399    0.013    0.702    0.286    0.000    0.000
     400    0.013    0.702    0.285    0.000    0.000
     401    0.012    0.703    0.284    0.000    0.000
     402    0.012    0.704    0.284    0.000    0.000
     403    0.012    0.705    0.283    0.000    0.000
     404    0.012    0.705    0.282    0.000    0.000
     405    0.012    0.706    0.281    0.000    0.000
     406    0.012    0.707    0.281    0.000    0.000
     407    0.012    0.708    0.280    0.000    0.000
     408    0.012    0.708    0.279    0.000    0.000
     409    0.012    0.709    0.279    0.000    0.000
     410    0.012    0.710    0.278    0.000    0.000
     411    0.012    0.710    0.277    0.000    0.000
     412    0.015    0.709    0.277    0.000    0.000
     413    0.015    0.709    0.276    0.000    0.000
     414    0.014    0.710    0.275    0.000    0.000
     415    0.014    0.711    0.275    0.000    0.000
     416    0.017    0.709    0.274    0.000    0.000
     417    0.017    0.710    0.273    0.000    0.000
     418    0.017    0.711    0.273    0.000    0.000
     419    0.017    0.711    0.272    0.000    0.000
     420    0.017    0.712    0.271    0.000    0.000
     421    0.017    0.713    0.271    0.000    0.000
     422    0.017    0.713    0.270    0.000    0.000
     423    0.017    0.714    0.270    0.000    0.000
     424    0.017    0.715    0.269    0.000    0.000
     425    0.016    0.715    0.268    0.000    0.000
     426    0.016    0.716    0.268    0.000    0.000
     427    0.016    0.717    0.267    0.000    0.000
     428    0.016    0.717    0.266    0.000    0.000
     429    0.016    0.718    0.266    0.000    0.000
     430    0.016    0.719    0.265    0.000    0.000
     431    0.016    0.719    0.265    0.000    0.000
     432    0.016    0.720    0.264    0.000    0.000
     433    0.016    0.721    0.263    0.000    0.000
     434    0.016    0.721    0.263    0.000    0.000
     435    0.016    0.722    0.262    0.000    0.000
     436    0.016    0.722    0.261    0.000    0.000
     437    0.016    0.723    0.261    0.000    0.000
     438    0.016    0.724    0.260    0.000    0.000
     439    0.018    0.722    0.260    0.000    0.000
     440    0.018    0.723    0.259    0.000    0.000
     441    0.020    0.721    0.259    0.000    0.000
     442    0.023    0.719    0.258    0.000    0.000
     443    0.023    0.720    0.257    0.000    0.000
     444    0.025    0.718    0.257    0.000    0.000
     445    0.027    0.717    0.256    0.000    0.000
     446    0.029    0.715    0.256    0.000    0.000
     447    0.031    0.714    0.255    0.000    0.000
     448    0.031    0.714    0.254    0.000    0.000
     449    0.033    0.713    0.254    0.000    0.000
     450    0.033    0.713    0.253    0.000    0.000
     451    0.033    0.714    0.253    0.000    0.000
     452    0.035    0.712    0.252    0.000    0.000
     453    0.038    0.711    0.252    0.000    0.000
     454    0.040    0.709    0.251    0.000    0.000
     455    0.042    0.708    0.251    0.000    0.000
     456    0.044    0.706    0.250    0.000    0.000
     457    0.046    0.705    0.249    0.000    0.000
     458    0.048    0.703    0.249    0.000    0.000
     459    0.050    0.702    0.248    0.000    0.000
     460    0.052    0.700    0.248    0.000    0.000
     461    0.054    0.698    0.247    0.000    0.000
     462    0.056    0.697    0.247    0.000    0.000
     463    0.056    0.698    0.246    0.000    0.000
     464    0.058    0.696    0.246    0.000    0.000
     465    0.058    0.697    0.245    0.000    0.000
     466    0.060    0.695    0.245    0.000    0.000
     467    0.060    0.696    0.244    0.000    0.000
     468    0.062    0.694    0.244    0.000    0.000
     469    0.064    0.693    0.243    0.000    0.000
     470    0.066    0.691    0.243    0.000    0.000
     471    0.068    0.690    0.242    0.000    0.000
     472    0.070    0.689    0.242    0.000    0.000
     473    0.072    0.687    0.241    0.000    0.000
     474    0.074    0.686    0.241    0.000    0.000
     475    0.076    0.684    0.240    0.000    0.000
     476    0.078    0.683    0.239    0.000    0.000
     477    0.080    0.681    0.239    0.000    0.000
     478    0.082    0.680    0.238    0.000    0.000
     479    0.084    0.678    0.238    0.000    0.000
     480    0.085    0.677    0.237    0.000    0.000
     481    0.087    0.676    0.237    0.000    0.000
     482    0.089    0.674    0.237    0.000    0.000
     483    0.091    0.673    0.236    0.000    0.000
     484    0.093    0.671    0.236    0.000    0.000
     485    0.095    0.670    0.235    0.000    0.000
     486    0.097    0.669    0.235    0.000    0.000
     487    0.099    0.667    0.234    0.000    0.000
     488    0.100    0.666    0.234    0.000    0.000
     489    0.102    0.665    0.233    0.000    0.000
     490    0.104    0.663    0.233    0.000    0.000
     491    0.106    0.662    0.232    0.000    0.000
     492    0.108    0.661    0.232    0.000    0.000
     493    0.110    0.659    0.231    0.000    0.000
     494    0.111    0.658    0.231    0.000    0.000
     495    0.113    0.657    0.230    0.000    0.000
     496    0.115    0.655    0.230    0.000    0.000
     497    0.117    0.654    0.229    0.000    0.000
     498    0.118    0.653    0.229    0.000    0.000
     499    0.120    0.651    0.228    0.000    0.000
     500    0.122    0.650    0.228    0.000    0.000
     501    0.124    0.649    0.228    0.000    0.000
     502    0.125    0.647    0.227    0.000    0.000
     503    0.127    0.646    0.227    0.000    0.000
     504    0.129    0.645    0.226    0.000    0.000
     505    0.131    0.644    0.226    0.000    0.000
     506    0.132    0.642    0.225    0.000    0.000
     507    0.134    0.641    0.225    0.000    0.000
     508    0.136    0.640    0.224    0.000    0.000
     509    0.138    0.639    0.224    0.000    0.000
     510    0.139    0.637    0.224    0.000    0.000
     511    0.141    0.636    0.223    0.000    0.000
     512    0.143    0.635    0.223    0.000    0.000
     513    0.144    0.634    0.222    0.000    0.000
     514    0.146    0.632    0.222    0.000    0.000
     515    0.148    0.631    0.221    0.000    0.000
     516    0.149    0.630    0.221    0.000    0.000
     517    0.151    0.629    0.221    0.000    0.000
     518    0.153    0.627    0.220    0.000    0.000
     519    0.154    0.626    0.220    0.000    0.000
     520    0.156    0.625    0.219    0.000    0.000
     521    0.157    0.624    0.219    0.000    0.000
     522    0.159    0.623    0.218    0.000    0.000
     523    0.161    0.621    0.218    0.000    0.000
     524    0.162    0.620    0.218    0.000    0.000
     525    0.164    0.619    0.217    0.000    0.000
     526    0.165    0.618    0.217    0.000    0.000
     527    0.167    0.617    0.216    0.000    0.000
     528    0.169    0.616    0.216    0.000    0.000
     529    0.170    0.614    0.216    0.000    0.000
     530    0.172    0.613    0.215    0.000    0.000
     531    0.173    0.612    0.215    0.000    0.000
     532    0.175    0.611    0.214    0.000    0.000
     533    0.176    0.610    0.214    0.000    0.000
     534    0.178    0.609    0.213    0.000    0.000
     535    0.179    0.607    0.213    0.000    0.000
     536    0.181    0.606    0.213    0.000    0.000
     537    0.182    0.605    0.212    0.000    0.000
     538    0.184    0.604    0.212    0.000    0.000
     539    0.186    0.603    0.212    0.000    0.000
     540    0.187    0.602    0.211    0.000    0.000
     541    0.189    0.601    0.211    0.000    0.000
     542    0.190    0.600    0.210    0.000    0.000
     543    0.192    0.599    0.210    0.000    0.000
     544    0.193    0.597    0.210    0.000    0.000
     545    0.194    0.596    0.209    0.000    0.000
     546    0.196    0.595    0.209    0.000    0.000
     547    0.197    0.594    0.208    0.000    0.000
     548    0.199    0.593    0.208    0.000    0.000
     549    0.200    0.592    0.208    0.000    0.000
     550    0.202    0.591    0.207    0.000    0.000
     551    0.203    0.590    0.207    0.000    0.000
     552    0.205    0.589    0.207    0.000    0.000
     553    0.206    0.588    0.206    0.000    0.000
     554    0.208    0.587    0.206    0.000    0.000
     555    0.209    0.586    0.205    0.000    0.000
     556    0.210    0.585    0.205    0.000    0.000
     557    0.212    0.583    0.205    0.000    0.000
     558    0.213    0.582    0.204    0.000    0.000
     559    0.215    0.581    0.204    0.000    0.000
     560    0.216    0.580    0.204    0.000    0.000
     561    0.217    0.579    0.203    0.000    0.000
     562    0.219    0.578    0.203    0.000    0.000
     563    0.220    0.577    0.202    0.000    0.000
     564    0.222    0.576    0.202    0.000    0.000
     565    0.223    0.575    0.202    0.000    0.000
     566    0.224    0.574    0.201    0.000    0.000
     567    0.226    0.573    0.201    0.000    0.000
     568    0.227    0.572    0.201    0.000    0.000
     569    0.228    0.571    0.200    0.000    0.000
     570    0.230    0.570    0.200    0.000    0.000
     571    0.231    0.569    0.200    0.000    0.000
     572    0.233    0.568    0.199    0.000    0.000
     573    0.234    0.567    0.199    0.000    0.000
     574    0.235    0.566    0.199    0.000    0.000
     575    0.237    0.565    0.198    0.000    0.000
     576    0.238    0.564    0.198    0.000    0.000
     577    0.239    0.563    0.198    0.000    0.000
     578    0.240    0.562    0.197    0.000    0.000
     579    0.242    0.561    0.197    0.000    0.000
     580    0.243    0.560    0.197    0.000    0.000
     581    0.244    0.559    0.196    0.000    0.000
     582    0.246    0.558    0.196    0.000    0.000
     583    0.247    0.557    0.196    0.000    0.000
     584    0.248    0.557    0.195    0.000    0.000
     585    0.250    0.556    0.195    0.000    0.000
     586    0.251    0.555    0.195    0.000    0.000
     587    0.252    0.554    0.194    0.000    0.000
     588    0.253    0.553    0.194    0.000    0.000
     589    0.255    0.552    0.194    0.000    0.000
     590    0.256    0.551    0.193    0.000    0.000
     591    0.257    0.550    0.193    0.000    0.000
     592    0.258    0.549    0.193    0.000    0.000
     593    0.260    0.548    0.192    0.000    0.000
     594    0.261    0.547    0.192    0.000    0.000
     595    0.262    0.546    0.192    0.000    0.000
     596    0.263    0.545    0.191    0.000    0.000
     597    0.265    0.544    0.191    0.000    0.000
     598    0.266    0.543    0.191    0.000    0.000
     599    0.267    0.543    0.190    0.000    0.000
     600    0.268    0.542    0.190    0.000    0.000
     601    0.270    0.541    0.190    0.000    0.000
     602    0.271    0.540    0.189    0.000    0.000
     603    0.272    0.539    0.189    0.000    0.000
     604    0.273    0.538    0.189    0.000    0.000
     605    0.274    0.537    0.188    0.000    0.000
     606    0.276    0.536    0.188    0.000    0.000
     607    0.277    0.535    0.188    0.000    0.000
     608    0.278    0.535    0.188    0.000    0.000
     609    0.279    0.534    0.187    0.000    0.000
     610    0.280    0.533    0.187    0.000    0.000
     611    0.282    0.532    0.187    0.000    0.000
     612    0.283    0.531    0.186    0.000    0.000
     613    0.284    0.530    0.186    0.000    0.000
     614    0.285    0.529    0.186    0.000    0.000
     615    0.286    0.528    0.185    0.000    0.000
     616    0.287    0.528    0.185    0.000    0.000
     617    0.288    0.527    0.185    0.000    0.000
     618    0.290    0.526    0.184    0.000    0.000
     619    0.291    0.525    0.184    0.000    0.000
     620    0.292    0.524    0.184    0.000    0.000
     621    0.293    0.523    0.184    0.000    0.000
     622    0.294    0.523    0.183    0.000    0.000
     623    0.295    0.522    0.183    0.000    0.000
     624    0.296    0.521    0.183    0.000    0.000
     625    0.298    0.520    0.182    0.000    0.000
     626    0.299    0.519    0.182    0.000    0.000
     627    0.300    0.518    0.182    0.000    0.000
     628    0.301    0.518    0.182    0.000    0.000
     629    0.302    0.517    0.181    0.000    0.000
     630    0.303    0.516    0.181    0.000    0.000
     631    0.304    0.515    0.181    0.000    0.000
     632    0.305    0.514    0.180    0.000    0.000
     633    0.306    0.513    0.180    0.000    0.000
     634    0.308    0.513    0.180    0.000    0.000
     635    0.309    0.512    0.180    0.000    0.000
     636    0.310    0.511    0.179    0.000    0.000
     637    0.311    0.510    0.179    0.000    0.000
     638    0.312    0.509    0.179    0.000    0.000
     639    0.313    0.509    0.178    0.000    0.000
     640    0.314    0.508    0.178    0.000    0.000
     641    0.315    0.507    0.178    0.000    0.000
     642    0.316    0.506    0.178    0.000    0.000
     643    0.317    0.505    0.177    0.000    0.000
     644    0.318    0.505    0.177    0.000    0.000
     645    0.319    0.504    0.177    0.000    0.000
     646    0.320    0.503    0.176    0.000    0.000
     647    0.321    0.502    0.176    0.000    0.000
     648    0.323    0.502    0.176    0.000    0.000
     649    0.324    0.501    0.176    0.000    0.000
     650    0.325    0.500    0.175    0.000    0.000
     651    0.326    0.499    0.175    0.000    0.000
     652    0.327    0.498    0.175    0.000    0.000
     653    0.328    0.498    0.175    0.000    0.000
     654    0.329    0.497    0.174    0.000    0.000
     655    0.330    0.496    0.174    0.000    0.000
     656    0.331    0.495    0.174    0.000    0.000
     657    0.332    0.495    0.174    0.000    0.000
     658    0.333    0.494    0.173    0.000    0.000
     659    0.334    0.493    0.173    0.000    0.000
     660    0.335    0.492    0.173    0.000    0.000
     661    0.336    0.492    0.172    0.000    0.000
     662    0.337    0.491    0.172    0.000    0.000
     663    0.338    0.490    0.172    0.000    0.000
     664    0.339    0.489    0.172    0.000    0.000
     665    0.340    0.489    0.171    0.000    0.000
     666    0.341    0.488    0.171    0.000    0.000
     667    0.342    0.487    0.171    0.000    0.000
     668    0.343    0.487    0.171    0.000    0.000
     669    0.344    0.486    0.170    0.000    0.000
     670    0.345    0.485    0.170    0.000    0.000
     671    0.346    0.484    0.170    0.000    0.000
     672    0.347    0.484    0.170    0.000    0.000
     673    0.348    0.483    0.169    0.000    0.000
     674    0.349    0.482    0.169    0.000    0.000
     675    0.350    0.481    0.169    0.000    0.000
     676    0.351    0.481    0.169    0.000    0.000
     677    0.352    0.480    0.168    0.000    0.000
     678    0.353    0.479    0.168    0.000    0.000
     679    0.353    0.479    0.168    0.000    0.000
     680    0.354    0.478    0.168    0.000    0.000
     681    0.355    0.477    0.167    0.000    0.000
     682    0.356    0.477    0.167    0.000    0.000
     683    0.357    0.476    0.167    0.000    0.000
     684    0.358    0.475    0.167    0.000    0.000
     685    0.359    0.474    0.166    0.000    0.000
     686    0.360    0.474    0.166    0.000    0.000
     687    0.361    0.473    0.166    0.000    0.000
     688    0.362    0.472    0.166    0.000    0.000
     689    0.363    0.472    0.165    0.000    0.000
     690    0.364    0.471    0.165    0.000    0.000
     691    0.365    0.470    0.165    0.000    0.000
     692    0.366    0.470    0.165    0.000    0.000
     693    0.367    0.469    0.165    0.000    0.000
     694    0.367    0.468    0.164    0.000    0.000
     695    0.368    0.468    0.164    0.000    0.000
     696    0.369    0.467    0.164    0.000    0.000
     697    0.370    0.466    0.164    0.000    0.000
     698    0.371    0.466    0.163    0.000    0.000
     699    0.372    0.465    0.163    0.000    0.000
     700    0.373    0.464    0.163    0.000    0.000
     701    0.374    0.464    0.163    0.000    0.000
     702    0.375    0.463    0.162    0.000    0.000
     703    0.376    0.462    0.162    0.000    0.000
     704    0.376    0.462    0.162    0.000    0.000
     705    0.377    0.461    0.162    0.000    0.000
     706    0.378    0.460    0.161    0.000    0.000
     707    0.379    0.460    0.161    0.000    0.000
     708    0.380    0.459    0.161    0.000    0.000
     709    0.381    0.458    0.161    0.000    0.000
     710    0.382    0.458    0.161    0.000    0.000
     711    0.383    0.457    0.160    0.000    0.000
     712    0.383    0.456    0.160    0.000    0.000
     713    0.384    0.456    0.160    0.000    0.000
     714    0.385    0.455    0.160    0.000    0.000
     715    0.386    0.455    0.159    0.000    0.000
     716    0.387    0.454    0.159    0.000    0.000
     717    0.388    0.453    0.159    0.000    0.000
     718    0.389    0.453    0.159    0.000    0.000
     719    0.389    0.452    0.159    0.000    0.000
     720    0.390    0.451    0.158    0.000    0.000
     721    0.391    0.451    0.158    0.000    0.000
     722    0.392    0.450    0.158    0.000    0.000
     723    0.393    0.450    0.158    0.000    0.000
     724    0.394    0.449    0.157    0.000    0.000
     725    0.394    0.448    0.157    0.000    0.000
     726    0.395    0.448    0.157    0.000    0.000
     727    0.396    0.447    0.157    0.000    0.000
     728    0.397    0.446    0.157    0.000    0.000
     729    0.398    0.446    0.156    0.000    0.000
     730    0.399    0.445    0.156    0.000    0.000
     731    0.399    0.445    0.156    0.000    0.000
     732    0.400    0.444    0.156    0.000    0.000
     733    0.401    0.443    0.156    0.000    0.000
     734    0.402    0.443    0.155    0.000    0.000
     735    0.403    0.442    0.155    0.000    0.000
     736    0.404    0.442    0.155    0.000    0.000
     737    0.403    0.441    0.155    0.001    0.000
     738    0.404    0.440    0.154    0.001    0.000
     739    0.405    0.440    0.154    0.001    0.000
     740    0.405    0.439    0.154    0.001    0.000
     741    0.406    0.439    0.154    0.001    0.000
     742    0.407    0.438    0.154    0.001    0.000
     743    0.408    0.437    0.153    0.001    0.000
     744    0.409    0.437    0.153    0.001    0.000
     745    0.408    0.436    0.153    0.003    0.000
     746    0.409    0.436    0.153    0.003    0.000
     747    0.408    0.435    0.153    0.004    0.000
     748    0.408    0.434    0.152    0.005    0.000
     749    0.409    0.434    0.152    0.005    0.000
     750    0.409    0.433    0.152    0.005    0.000
     751    0.410    0.433    0.152    0.005    0.000
     752    0.411    0.432    0.152    0.005    0.000
     753    0.412    0.432    0.151    0.005    0.000
     754    0.411    0.431    0.151    0.007    0.000
     755    0.412    0.430    0.151    0.007    0.000
     756    0.411    0.430    0.151    0.008    0.000
     757    0.411    0.429    0.151    0.009    0.000
     758    0.410    0.429    0.150    0.011    0.000
     759    0.410    0.428    0.150    0.012    0.000
     760    0.409    0.428    0.150    0.013    0.000
     761    0.409    0.427    0.150    0.014    0.000
     762    0.408    0.427    0.150    0.016    0.000
     763    0.409    0.426    0.149    0.016    0.000
     764    0.408    0.425    0.149    0.017    0.000
     765    0.408    0.425    0.149    0.018    0.000
     766    0.407    0.424    0.149    0.020    0.000
     767    0.407    0.424    0.149    0.021    0.000
     768    0.408    0.423    0.148    0.021    0.000
     769    0.408    0.423    0.148    0.021    0.000
     770    0.409    0.422    0.148    0.021    0.000
     771    0.410    0.422    0.148    0.021    0.000
     772    0.411    0.421    0.148    0.021    0.000
     773    0.411    0.420    0.147    0.021    0.000
     774    0.412    0.420    0.147    0.021    0.000
     775    0.412    0.419    0.147    0.022    0.000
     776    0.412    0.419    0.147    0.022    0.000
     777    0.413    0.418    0.147    0.022    0.000
     778    0.414    0.418    0.147    0.022    0.000
     779    0.415    0.417    0.146    0.022    0.000
     780    0.415    0.417    0.146    0.022    0.000
     781    0.416    0.416    0.146    0.022    0.000
     782    0.417    0.416    0.146    0.022    0.000
     783    0.418    0.415    0.146    0.022    0.000
     784    0.418    0.415    0.145    0.022    0.000
     785    0.419    0.414    0.145    0.022    0.000
     786    0.420    0.413    0.145    0.022    0.000
     787    0.421    0.413    0.145    0.022    0.000
     788    0.421    0.412    0.145    0.022    0.000
     789    0.422    0.412    0.144    0.022    0.000
     790    0.423    0.411    0.144    0.022    0.000
     791    0.422    0.411    0.144    0.023    0.000
     792    0.422    0.410    0.144    0.024    0.000
     793    0.421    0.410    0.144    0.025    0.000
     794    0.421    0.409    0.144    0.026    0.000
     795    0.421    0.409    0.143    0.026    0.000
     796    0.421    0.408    0.143    0.028    0.000
     797    0.422    0.408    0.143    0.028    0.000
     798    0.422    0.407    0.143    0.028    0.000
     799    0.423    0.407    0.143    0.028    0.000
     800    0.424    0.406    0.142    0.027    0.000
     801    0.424    0.406    0.142    0.027    0.000
     802    0.425    0.405    0.142    0.027    0.000
     803    0.426    0.405    0.142    0.027    0.000
     804    0.427    0.404    0.142    0.027    0.000
     805    0.427    0.404    0.142    0.027    0.000
     806    0.428    0.403    0.141    0.027    0.000
     807    0.429    0.403    0.141    0.027    0.000
     808    0.429    0.402    0.141    0.027    0.000
     809    0.430    0.402    0.141    0.027    0.000
     810    0.431    0.401    0.141    0.027    0.000
     811    0.432    0.401    0.141    0.027    0.000
     812    0.432    0.400    0.140    0.027    0.000
     813    0.433    0.400    0.140    0.027    0.000
     814    0.434    0.399    0.140    0.027    0.000
     815    0.433    0.399    0.140    0.028    0.000
     816    0.434    0.398    0.140    0.028    0.000
     817    0.435    0.398    0.140    0.028    0.000
     818    0.435    0.397    0.139    0.028    0.000
     819    0.435    0.397    0.139    0.029    0.000
     820    0.435    0.396    0.139    0.029    0.000
     821    0.436    0.396    0.139    0.029    0.000
     822    0.436    0.395    0.139    0.030    0.000
     823    0.436    0.395    0.139    0.030    0.000
     824    0.437    0.394    0.138    0.030    0.000
     825    0.436    0.394    0.138    0.032    0.000
     826    0.436    0.393    0.138    0.033    0.000
     827    0.435    0.393    0.138    0.034    0.000
     828    0.435    0.393    0.138    0.035    0.000
     829    0.434    0.392    0.138    0.036    0.000
     830    0.434    0.392    0.137    0.037    0.000
     831    0.433    0.391    0.137    0.039    0.000
     832    0.434    0.391    0.137    0.038    0.000
     833    0.433    0.390    0.137    0.040    0.000
     834    0.433    0.390    0.137    0.041    0.000
     835    0.432    0.389    0.137    0.042    0.000
     836    0.432    0.389    0.136    0.043    0.000
     837    0.431    0.388    0.136    0.044    0.000
     838    0.431    0.388    0.136    0.045    0.000
     839    0.430    0.387    0.136    0.046    0.000
     840    0.430    0.387    0.136    0.048    0.000
     841    0.429    0.386    0.136    0.049    0.000
     842    0.430    0.386    0.135    0.049    0.000
     843    0.431    0.386    0.135    0.049    0.000
     844    0.431    0.385    0.135    0.049    0.000
     845    0.432    0.385    0.135    0.049    0.000
     846    0.431    0.384    0.135    0.050    0.000
     847    0.431    0.384    0.135    0.051    0.000
     848    0.430    0.383    0.134    0.052    0.000
     849    0.431    0.383    0.134    0.052    0.000
     850    0.432    0.382    0.134    0.052    0.000
     851    0.432    0.382    0.134    0.052    0.000
     852    0.433    0.381    0.134    0.052    0.000
     853    0.434    0.381    0.134    0.052    0.000
     854    0.434    0.381    0.133    0.052    0.000
     855    0.435    0.380    0.133    0.051    0.000
     856    0.436    0.380    0.133    0.051    0.000
     857    0.436    0.379    0.133    0.051    0.000
     858    0.437    0.379    0.133    0.051    0.000
     859    0.438    0.378    0.133    0.051    0.000
     860    0.438    0.378    0.133    0.051    0.000
     861    0.439    0.377    0.132    0.051    0.000
     862    0.440    0.377    0.132    0.051    0.000
     863    0.440    0.377    0.132    0.051    0.000
     864    0.441    0.376    0.132    0.051    0.000
     865    0.442    0.376    0.132    0.051    0.000
     866    0.442    0.375    0.132    0.051    0.000
     867    0.443    0.375    0.131    0.051    0.000
     868    0.442    0.374    0.131    0.051    0.001
     869    0.442    0.374    0.131    0.051    0.002
     870    0.443    0.374    0.131    0.051    0.002
     871    0.443    0.373    0.131    0.051    0.002
     872    0.444    0.373    0.131    0.050    0.002
     873    0.443    0.372    0.131    0.050    0.003
     874    0.443    0.373    0.130    0.050    0.003
     875    0.443    0.373    0.130    0.050    0.003
     876    0.444    0.372    0.130    0.050    0.003
     877    0.445    0.372    0.130    0.050    0.003
     878    0.445    0.371    0.130    0.050    0.003
     879    0.446    0.371    0.130    0.050    0.003
     880    0.447    0.370    0.130    0.050    0.003
     881    0.447    0.370    0.129    0.050    0.003
     882    0.448    0.370    0.129    0.050    0.003
     883    0.448    0.369    0.129    0.050    0.003
     884    0.449    0.369    0.129    0.050    0.003
     885    0.450    0.368    0.129    0.050    0.003
     886    0.450    0.368    0.129    0.050    0.003
     887    0.451    0.368    0.129    0.050    0.003
     888    0.452    0.367    0.128    0.050    0.003
     889    0.452    0.367    0.128    0.049    0.003
     890    0.453    0.366    0.128    0.049    0.003
     891    0.453    0.366    0.128    0.049    0.003
     892    0.454    0.365    0.128    0.049    0.003
     893    0.454    0.365    0.128    0.050    0.003
     894    0.453    0.365    0.128    0.051    0.003
     895    0.454    0.364    0.127    0.051    0.003
     896    0.454    0.364    0.127    0.051    0.003
     897    0.455    0.363    0.127    0.051    0.003
     898    0.455    0.363    0.127    0.051    0.003
     899    0.456    0.363    0.127    0.051    0.003
     900    0.457    0.362    0.127    0.051    0.003
     901    0.457    0.362    0.127    0.051    0.003
     902    0.458    0.361    0.126    0.051    0.003
     903    0.458    0.361    0.126    0.051    0.003
     904    0.459    0.361    0.126    0.051    0.003
     905    0.460    0.360    0.126    0.051    0.003
     906    0.460    0.360    0.126    0.051    0.003
     907    0.461    0.359    0.126    0.051    0.003
     908    0.461    0.359    0.126    0.051    0.003
     909    0.462    0.359    0.125    0.051    0.003
     910    0.463    0.358    0.125    0.051    0.003
     911    0.463    0.358    0.125    0.050    0.003
     912    0.464    0.357    0.125    0.050    0.003
     913    0.464    0.357    0.125    0.050    0.003
     914    0.464    0.357    0.125    0.051    0.003
     915    0.464    0.356    0.125    0.051    0.003
     916    0.465    0.356    0.124    0.051    0.003
     917    0.466    0.356    0.124    0.051    0.003
     918    0.466    0.355    0.124    0.051    0.003
     919    0.467    0.355    0.124    0.051    0.003
     920    0.467    0.354    0.124    0.051    0.003
     921    0.468    0.354    0.124    0.051    0.003
     922    0.469    0.354    0.124    0.051    0.003
     923    0.469    0.353    0.124    0.051    0.003
     924    0.470    0.353    0.123    0.051    0.003
     925    0.470    0.352    0.123    0.051    0.003
     926    0.471    0.352    0.123    0.051    0.003
     927    0.471    0.352    0.123    0.051    0.003
     928    0.472    0.351    0.123    0.051    0.003
     929    0.473    0.351    0.123    0.051    0.003
     930    0.473    0.351    0.123    0.051    0.003
     931    0.474    0.350    0.122    0.050    0.003
     932    0.474    0.350    0.122    0.050    0.003
     933    0.475    0.349    0.122    0.050    0.003
     934    0.475    0.349    0.122    0.050    0.003
     935    0.476    0.349    0.122    0.050    0.003
     936    0.476    0.348    0.122    0.050    0.003
     937    0.477    0.348    0.122    0.050    0.003
     938    0.478    0.348    0.122    0.050    0.003
     939    0.478    0.347    0.121    0.050    0.003
     940    0.479    0.347    0.121    0.050    0.003
     941    0.479    0.346    0.121    0.050    0.003
     942    0.480    0.346    0.121    0.050    0.003
     943    0.480    0.346    0.121    0.050    0.003
     944    0.480    0.346    0.121    0.050    0.003
     945    0.480    0.346    0.121    0.050    0.003
     946    0.481    0.346    0.121    0.050    0.003
     947    0.482    0.345    0.120    0.050    0.003
     948    0.482    0.345    0.120    0.050    0.003
     949    0.483    0.345    0.120    0.050    0.003
     950    0.483    0.344    0.120    0.049    0.003
     951    0.484    0.344    0.120    0.049    0.003
     952    0.484    0.343    0.120    0.049    0.003
     953    0.485    0.343    0.120    0.049    0.003
     954    0.485    0.343    0.119    0.049    0.003
     955    0.486    0.342    0.119    0.049    0.003
     956    0.486    0.342    0.119    0.049    0.003
     957    0.487    0.342    0.119    0.049    0.003
     958    0.487    0.341    0.119    0.049    0.003
     959    0.488    0.341    0.119    0.049    0.003
     960    0.488    0.341    0.119    0.050    0.003
     961    0.488    0.340    0.119    0.050    0.003
     962    0.488    0.340    0.119    0.051    0.003
     963    0.488    0.340    0.118    0.051    0.003
     964    0.489    0.339    0.118    0.051    0.003
     965    0.489    0.339    0.118    0.051    0.003
     966    0.490    0.339    0.118    0.051    0.003
     967    0.490    0.338    0.118    0.051    0.003
     968    0.491    0.338    0.118    0.051    0.003
     969    0.491    0.337    0.118    0.051    0.003
     970    0.492    0.337    0.118    0.051    0.003
     971    0.492    0.337    0.117    0.050    0.003
     972    0.493    0.336    0.117    0.050    0.003
     973    0.493    0.336    0.117    0.050    0.003
     974    0.494    0.336    0.117    0.050    0.003
     975    0.493    0.335    0.117    0.051    0.003
     976    0.494    0.335    0.117    0.051    0.003
     977    0.494    0.335    0.117    0.051    0.003
     978    0.495    0.334    0.117    0.051    0.003
     979    0.495    0.334    0.116    0.051    0.003
     980    0.496    0.334    0.116    0.051    0.003
     981    0.496    0.333    0.116    0.051    0.003
     982    0.497    0.333    0.116    0.051    0.003
     983    0.496    0.333    0.116    0.052    0.003
     984    0.497    0.332    0.116    0.052    0.003
     985    0.497    0.332    0.116    0.052    0.003
     986    0.498    0.332    0.116    0.052    0.003
     987    0.498    0.331    0.116    0.052    0.003
     988    0.499    0.331    0.115    0.052    0.003
     989    0.499    0.331    0.115    0.052    0.003
     990    0.500    0.330    0.115    0.052    0.003
     991    0.501    0.330    0.115    0.051    0.003
     992    0.501    0.330    0.115    0.051    0.003
     993    0.502    0.329    0.115    0.051    0.003
     994    0.502    0.329    0.115    0.051    0.003
     995    0.503    0.329    0.115    0.051    0.003
     996    0.503    0.328    0.114    0.051    0.003
     997    0.504    0.328    0.114    0.051    0.003
     998    0.504    0.328    0.114    0.051    0.003
     999    0.504    0.327    0.114    0.052    0.003
    1000    0.504    0.327    0.114    0.052    0.003
