#Clustering: 5 clusters 1000 frames
#Cluster 0 has average-distance-to-centroid 0.808882
#Cluster 1 has average-distance-to-centroid 0.811244
#Cluster 2 has average-distance-to-centroid 0.713488
#Cluster 3 has average-distance-to-centroid 0.718261
#Cluster 4 has average-distance-to-centroid 0.675612
#DBI: 2.199181
#pSF: 63.896596
#SSR/SST: 0.204373
#Algorithm: Kmeans nclusters 5 maxit 500
...........................................................................................................................................................................................................................................................................................................................................................................................................................X..........................X.XX.XX.X.....XXXXXXXXXX.X...XXXX..X.XXXXXXXXXXXXXXXXXXXXXXXXXXXXXXXXXXXXXXXXXXXXXXXXXXXXXXXXXXXXXXXXXXXXXXXXXXXXXXXXXXXXXXXXXXXXXXXXXXXXXXXXXXXXXXXXXXXXXXXXXXXXXXXXXXXXXXXXXXXXXXXXXXXXXXXXXXXXXXXXXXXXXXXXXXXXXXXXXXXXXXXXXXXXXXXXXXXXXXXXXXXXXXXXXXXXXXXXXXXXXXXXXXXXXXXXXXXXXXXXXXXXXXXXXXXXXXXXXXXXXXXXXXXXXXXXXXXXXXXXXXXXXXXXXXXXXXXXXXXXXXXXXXXXXXXXXXXXXXXXXXXXXXXXXXXXXXXXXXXXXXXXXXXXXXXXXXXXXXXXXXXXXXXXXXXXXXXXXXXXXXX.XXXXXXXXXXX.XX..XXXXXXXXXXXXXXXXXXXXXXXXXXXXXXXX.XXXXXXXXXXXXXXXX.XXXXXXXXXXXXXXXXXX.XXXX.XXX.XXXXXXXXX.X.X.....X.XX.XXX.XXXXXXXX.XXXXXXXXXXX
XXXXXXXXXXXXXXXXXXXXXXXXXX...................X.....XXXXXXXXXXXXXXX.XXXXXXXXXXXXXXXXXXXXXXXXXXXXXXXXXXXXXXXXXXXXXXXXXXXXXXXXXXXXXXXXXXXXXXXXXXXXXXXXXXXXXXXXXXXXXXXXXXXXXXXXXXXXXXXXXXXXXXX.XXX................XXXXX.XXXXXXXXXXXXXXXXXXXXXXXXXXXXXXXXXXXXXXXXXXXXXXXXXXXXXXXXXXXXXXXXXXXXXXXXXXXXXXXXXXXXXXXXXXXXXXXXXXXXXXXXXXXXXXXXXXXXXXXXXXXXXXXXXXXXXXXXXXXXXXXXXXXXXXXXXXXXXXXXXXXXXXXXXXXXXXXXXXXXXXXXXXXXXXXXXXXXXXX.XXXXXXXXXXXXXXXXXXXXXXXXXX.X..X..X.XXXXX..........X.XXX....XX.X...............................................................................................................................................................................................................................................................................................................................................................................................X..............XX................................X................X..................X....X...X.........X.....................................
..........................XXXXXXXXXXXXXXX.XXX.XXXXX.....................................................................................................................................................................................................................................................................................................................................................................................................................................................................................................................................................................................................................................................................................................................................................................................................................................................................................................................................................................................
.........................................X........................X.......................................................................................................................X...XXXXXXXXXXXXXXXX.....X....................................................................................................................................................................................................................................................................................................................................................................................................................................................................................................................................................................................................................................................................................................................................................................................................................
......................................................................................................................................................................................................................................................................................................................................................................................................................................................................................................................................................................................................................................................................................................................................................................................................................................................................................................X.............................................................................................X.XXXXX.X..X...X........X...........
#Representative frames: 583 313 36 203 968
#Sieve value: 10 (random)
#Sieved frames: 8 38 55 74 101 113 117 119 120 133 136 142 161 189 196 200 202 213 218 233 242 256 262 271 281 292 296 300 310 316 317 325 329 332 337 339 340 341 357 383 390 396 405 415 418 424 444 459 460 467 475 477 521 527 533 535 547 563 564 576 590 601 602 623 644 646 648 652 665 673 681 683 684 692 712 728 732 753 754 767 771 779 786 795 797 810 815 827 844 847 863 865 872 879 891 917 926 968 988 999
